01|01,02
01|01,03
01|01,04
01|01,05
01|01,06
01|01,07
01|01,08
01|01,09
01|01,10
01|01,11
01|01,12
01|02,03
01|02,04
01|02,05
01|02,06
01|02,07
01|02,08
01|02,09
01|02,10
01|02,11
01|02,12
01|03,04
01|03,05
01|03,06
01|03,07
01|03,08
01|03,09
01|03,10
01|03,11
01|03,12
01|04,05
01|04,06
01|04,07
01|04,08
01|04,09
01|04,10
01|04,11
01|04,12
01|05,06
01|05,07
01|05,08
01|05,09
01|05,10
01|05,11
01|05,12
01|06,07
01|06,08
01|06,09
01|06,10
01|06,11
01|06,12
01|07,08
01|07,09
01|07,10
01|07,11
01|07,12
01|08,09
01|08,10
01|08,11
01|08,12
01|09,10
01|09,11
01|09,12
01|10,11
01|10,12
01|11,12
02|01,02
02|01,03
02|01,04
02|01,05
02|01,06
02|01,07
02|01,08
02|01,09
02|01,10
02|01,11
02|01,12
02|02,03
02|02,04
02|02,05
02|02,06
02|02,07
02|02,08
02|02,09
02|02,10
02|02,11
02|02,12
02|03,04
02|03,05
02|03,06
02|03,07
02|03,08
02|03,09
02|03,10
02|03,11
02|03,12
02|04,05
02|04,06
02|04,07
02|04,08
02|04,09
02|04,10
02|04,11
02|04,12
02|05,06
02|05,07
02|05,08
02|05,09
02|05,10
02|05,11
02|05,12
02|06,07
02|06,08
02|06,09
02|06,10
02|06,11
02|06,12
02|07,08
02|07,09
02|07,10
02|07,11
02|07,12
02|08,09
02|08,10
02|08,11
02|08,12
02|09,10
02|09,11
02|09,12
02|10,11
02|10,12
02|11,12
03|01,02
03|01,03
03|01,04
03|01,05
03|01,06
03|01,07
03|01,08
03|01,09
03|01,10
03|01,11
03|01,12
03|02,03
03|02,04
03|02,05
03|02,06
03|02,07
03|02,08
03|02,09
03|02,10
03|02,11
03|02,12
03|03,04
03|03,05
03|03,06
03|03,07
03|03,08
03|03,09
03|03,10
03|03,11
03|03,12
03|04,05
03|04,06
03|04,07
03|04,08
03|04,09
03|04,10
03|04,11
03|04,12
03|05,06
03|05,07
03|05,08
03|05,09
03|05,10
03|05,11
03|05,12
03|06,07
03|06,08
03|06,09
03|06,10
03|06,11
03|06,12
03|07,08
03|07,09
03|07,10
03|07,11
03|07,12
03|08,09
03|08,10
03|08,11
03|08,12
03|09,10
03|09,11
03|09,12
03|10,11
03|10,12
03|11,12
04|01,02
04|01,03
04|01,04
04|01,05
04|01,06
04|01,07
04|01,08
04|01,09
04|01,10
04|01,11
04|01,12
04|02,03
04|02,04
04|02,05
04|02,06
04|02,07
04|02,08
04|02,09
04|02,10
04|02,11
04|02,12
04|03,04
04|03,05
04|03,06
04|03,07
04|03,08
04|03,09
04|03,10
04|03,11
04|03,12
04|04,05
04|04,06
04|04,07
04|04,08
04|04,09
04|04,10
04|04,11
04|04,12
04|05,06
04|05,07
04|05,08
04|05,09
04|05,10
04|05,11
04|05,12
04|06,07
04|06,08
04|06,09
04|06,10
04|06,11
04|06,12
04|07,08
04|07,09
04|07,10
04|07,11
04|07,12
04|08,09
04|08,10
04|08,11
04|08,12
04|09,10
04|09,11
04|09,12
04|10,11
04|10,12
04|11,12
05|01,02
05|01,03
05|01,04
05|01,05
05|01,06
05|01,07
05|01,08
05|01,09
05|01,10
05|01,11
05|01,12
05|02,03
05|02,04
05|02,05
05|02,06
05|02,07
05|02,08
05|02,09
05|02,10
05|02,11
05|02,12
05|03,04
05|03,05
05|03,06
05|03,07
05|03,08
05|03,09
05|03,10
05|03,11
05|03,12
05|04,05
05|04,06
05|04,07
05|04,08
05|04,09
05|04,10
05|04,11
05|04,12
05|05,06
05|05,07
05|05,08
05|05,09
05|05,10
05|05,11
05|05,12
05|06,07
05|06,08
05|06,09
05|06,10
05|06,11
05|06,12
05|07,08
05|07,09
05|07,10
05|07,11
05|07,12
05|08,09
05|08,10
05|08,11
05|08,12
05|09,10
05|09,11
05|09,12
05|10,11
05|10,12
05|11,12
06|01,02
06|01,03
06|01,04
06|01,05
06|01,06
06|01,07
06|01,08
06|01,09
06|01,10
06|01,11
06|01,12
06|02,03
06|02,04
06|02,05
06|02,06
06|02,07
06|02,08
06|02,09
06|02,10
06|02,11
06|02,12
06|03,04
06|03,05
06|03,06
06|03,07
06|03,08
06|03,09
06|03,10
06|03,11
06|03,12
06|04,05
06|04,06
06|04,07
06|04,08
06|04,09
06|04,10
06|04,11
06|04,12
06|05,06
06|05,07
06|05,08
06|05,09
06|05,10
06|05,11
06|05,12
06|06,07
06|06,08
06|06,09
06|06,10
06|06,11
06|06,12
06|07,08
06|07,09
06|07,10
06|07,11
06|07,12
06|08,09
06|08,10
06|08,11
06|08,12
06|09,10
06|09,11
06|09,12
06|10,11
06|10,12
06|11,12
07|01,02
07|01,03
07|01,04
07|01,05
07|01,06
07|01,07
07|01,08
07|01,09
07|01,10
07|01,11
07|01,12
07|02,03
07|02,04
07|02,05
07|02,06
07|02,07
07|02,08
07|02,09
07|02,10
07|02,11
07|02,12
07|03,04
07|03,05
07|03,06
07|03,07
07|03,08
07|03,09
07|03,10
07|03,11
07|03,12
07|04,05
07|04,06
07|04,07
07|04,08
07|04,09
07|04,10
07|04,11
07|04,12
07|05,06
07|05,07
07|05,08
07|05,09
07|05,10
07|05,11
07|05,12
07|06,07
07|06,08
07|06,09
07|06,10
07|06,11
07|06,12
07|07,08
07|07,09
07|07,10
07|07,11
07|07,12
07|08,09
07|08,10
07|08,11
07|08,12
07|09,10
07|09,11
07|09,12
07|10,11
07|10,12
07|11,12
08|01,02
08|01,03
08|01,04
08|01,05
08|01,06
08|01,07
08|01,08
08|01,09
08|01,10
08|01,11
08|01,12
08|02,03
08|02,04
08|02,05
08|02,06
08|02,07
08|02,08
08|02,09
08|02,10
08|02,11
08|02,12
08|03,04
08|03,05
08|03,06
08|03,07
08|03,08
08|03,09
08|03,10
08|03,11
08|03,12
08|04,05
08|04,06
08|04,07
08|04,08
08|04,09
08|04,10
08|04,11
08|04,12
08|05,06
08|05,07
08|05,08
08|05,09
08|05,10
08|05,11
08|05,12
08|06,07
08|06,08
08|06,09
08|06,10
08|06,11
08|06,12
08|07,08
08|07,09
08|07,10
08|07,11
08|07,12
08|08,09
08|08,10
08|08,11
08|08,12
08|09,10
08|09,11
08|09,12
08|10,11
08|10,12
08|11,12
09|01,02
09|01,03
09|01,04
09|01,05
09|01,06
09|01,07
09|01,08
09|01,09
09|01,10
09|01,11
09|01,12
09|02,03
09|02,04
09|02,05
09|02,06
09|02,07
09|02,08
09|02,09
09|02,10
09|02,11
09|02,12
09|03,04
09|03,05
09|03,06
09|03,07
09|03,08
09|03,09
09|03,10
09|03,11
09|03,12
09|04,05
09|04,06
09|04,07
09|04,08
09|04,09
09|04,10
09|04,11
09|04,12
09|05,06
09|05,07
09|05,08
09|05,09
09|05,10
09|05,11
09|05,12
09|06,07
09|06,08
09|06,09
09|06,10
09|06,11
09|06,12
09|07,08
09|07,09
09|07,10
09|07,11
09|07,12
09|08,09
09|08,10
09|08,11
09|08,12
09|09,10
09|09,11
09|09,12
09|10,11
09|10,12
09|11,12
10|01,02
10|01,03
10|01,04
10|01,05
10|01,06
10|01,07
10|01,08
10|01,09
10|01,10
10|01,11
10|01,12
10|02,03
10|02,04
10|02,05
10|02,06
10|02,07
10|02,08
10|02,09
10|02,10
10|02,11
10|02,12
10|03,04
10|03,05
10|03,06
10|03,07
10|03,08
10|03,09
10|03,10
10|03,11
10|03,12
10|04,05
10|04,06
10|04,07
10|04,08
10|04,09
10|04,10
10|04,11
10|04,12
10|05,06
10|05,07
10|05,08
10|05,09
10|05,10
10|05,11
10|05,12
10|06,07
10|06,08
10|06,09
10|06,10
10|06,11
10|06,12
10|07,08
10|07,09
10|07,10
10|07,11
10|07,12
10|08,09
10|08,10
10|08,11
10|08,12
10|09,10
10|09,11
10|09,12
10|10,11
10|10,12
10|11,12
11|01,02
11|01,03
11|01,04
11|01,05
11|01,06
11|01,07
11|01,08
11|01,09
11|01,10
11|01,11
11|01,12
11|02,03
11|02,04
11|02,05
11|02,06
11|02,07
11|02,08
11|02,09
11|02,10
11|02,11
11|02,12
11|03,04
11|03,05
11|03,06
11|03,07
11|03,08
11|03,09
11|03,10
11|03,11
11|03,12
11|04,05
11|04,06
11|04,07
11|04,08
11|04,09
11|04,10
11|04,11
11|04,12
11|05,06
11|05,07
11|05,08
11|05,09
11|05,10
11|05,11
11|05,12
11|06,07
11|06,08
11|06,09
11|06,10
11|06,11
11|06,12
11|07,08
11|07,09
11|07,10
11|07,11
11|07,12
11|08,09
11|08,10
11|08,11
11|08,12
11|09,10
11|09,11
11|09,12
11|10,11
11|10,12
11|11,12
12|01,02
12|01,03
12|01,04
12|01,05
12|01,06
12|01,07
12|01,08
12|01,09
12|01,10
12|01,11
12|01,12
12|02,03
12|02,04
12|02,05
12|02,06
12|02,07
12|02,08
12|02,09
12|02,10
12|02,11
12|02,12
12|03,04
12|03,05
12|03,06
12|03,07
12|03,08
12|03,09
12|03,10
12|03,11
12|03,12
12|04,05
12|04,06
12|04,07
12|04,08
12|04,09
12|04,10
12|04,11
12|04,12
12|05,06
12|05,07
12|05,08
12|05,09
12|05,10
12|05,11
12|05,12
12|06,07
12|06,08
12|06,09
12|06,10
12|06,11
12|06,12
12|07,08
12|07,09
12|07,10
12|07,11
12|07,12
12|08,09
12|08,10
12|08,11
12|08,12
12|09,10
12|09,11
12|09,12
12|10,11
12|10,12
12|11,12
13|01,02
13|01,03
13|01,04
13|01,05
13|01,06
13|01,07
13|01,08
13|01,09
13|01,10
13|01,11
13|01,12
13|02,03
13|02,04
13|02,05
13|02,06
13|02,07
13|02,08
13|02,09
13|02,10
13|02,11
13|02,12
13|03,04
13|03,05
13|03,06
13|03,07
13|03,08
13|03,09
13|03,10
13|03,11
13|03,12
13|04,05
13|04,06
13|04,07
13|04,08
13|04,09
13|04,10
13|04,11
13|04,12
13|05,06
13|05,07
13|05,08
13|05,09
13|05,10
13|05,11
13|05,12
13|06,07
13|06,08
13|06,09
13|06,10
13|06,11
13|06,12
13|07,08
13|07,09
13|07,10
13|07,11
13|07,12
13|08,09
13|08,10
13|08,11
13|08,12
13|09,10
13|09,11
13|09,12
13|10,11
13|10,12
13|11,12
14|01,02
14|01,03
14|01,04
14|01,05
14|01,06
14|01,07
14|01,08
14|01,09
14|01,10
14|01,11
14|01,12
14|02,03
14|02,04
14|02,05
14|02,06
14|02,07
14|02,08
14|02,09
14|02,10
14|02,11
14|02,12
14|03,04
14|03,05
14|03,06
14|03,07
14|03,08
14|03,09
14|03,10
14|03,11
14|03,12
14|04,05
14|04,06
14|04,07
14|04,08
14|04,09
14|04,10
14|04,11
14|04,12
14|05,06
14|05,07
14|05,08
14|05,09
14|05,10
14|05,11
14|05,12
14|06,07
14|06,08
14|06,09
14|06,10
14|06,11
14|06,12
14|07,08
14|07,09
14|07,10
14|07,11
14|07,12
14|08,09
14|08,10
14|08,11
14|08,12
14|09,10
14|09,11
14|09,12
14|10,11
14|10,12
14|11,12
15|01,02
15|01,03
15|01,04
15|01,05
15|01,06
15|01,07
15|01,08
15|01,09
15|01,10
15|01,11
15|01,12
15|02,03
15|02,04
15|02,05
15|02,06
15|02,07
15|02,08
15|02,09
15|02,10
15|02,11
15|02,12
15|03,04
15|03,05
15|03,06
15|03,07
15|03,08
15|03,09
15|03,10
15|03,11
15|03,12
15|04,05
15|04,06
15|04,07
15|04,08
15|04,09
15|04,10
15|04,11
15|04,12
15|05,06
15|05,07
15|05,08
15|05,09
15|05,10
15|05,11
15|05,12
15|06,07
15|06,08
15|06,09
15|06,10
15|06,11
15|06,12
15|07,08
15|07,09
15|07,10
15|07,11
15|07,12
15|08,09
15|08,10
15|08,11
15|08,12
15|09,10
15|09,11
15|09,12
15|10,11
15|10,12
15|11,12
16|01,02
16|01,03
16|01,04
16|01,05
16|01,06
16|01,07
16|01,08
16|01,09
16|01,10
16|01,11
16|01,12
16|02,03
16|02,04
16|02,05
16|02,06
16|02,07
16|02,08
16|02,09
16|02,10
16|02,11
16|02,12
16|03,04
16|03,05
16|03,06
16|03,07
16|03,08
16|03,09
16|03,10
16|03,11
16|03,12
16|04,05
16|04,06
16|04,07
16|04,08
16|04,09
16|04,10
16|04,11
16|04,12
16|05,06
16|05,07
16|05,08
16|05,09
16|05,10
16|05,11
16|05,12
16|06,07
16|06,08
16|06,09
16|06,10
16|06,11
16|06,12
16|07,08
16|07,09
16|07,10
16|07,11
16|07,12
16|08,09
16|08,10
16|08,11
16|08,12
16|09,10
16|09,11
16|09,12
16|10,11
16|10,12
16|11,12
17|01,02
17|01,03
17|01,04
17|01,05
17|01,06
17|01,07
17|01,08
17|01,09
17|01,10
17|01,11
17|01,12
17|02,03
17|02,04
17|02,05
17|02,06
17|02,07
17|02,08
17|02,09
17|02,10
17|02,11
17|02,12
17|03,04
17|03,05
17|03,06
17|03,07
17|03,08
17|03,09
17|03,10
17|03,11
17|03,12
17|04,05
17|04,06
17|04,07
17|04,08
17|04,09
17|04,10
17|04,11
17|04,12
17|05,06
17|05,07
17|05,08
17|05,09
17|05,10
17|05,11
17|05,12
17|06,07
17|06,08
17|06,09
17|06,10
17|06,11
17|06,12
17|07,08
17|07,09
17|07,10
17|07,11
17|07,12
17|08,09
17|08,10
17|08,11
17|08,12
17|09,10
17|09,11
17|09,12
17|10,11
17|10,12
17|11,12
18|01,02
18|01,03
18|01,04
18|01,05
18|01,06
18|01,07
18|01,08
18|01,09
18|01,10
18|01,11
18|01,12
18|02,03
18|02,04
18|02,05
18|02,06
18|02,07
18|02,08
18|02,09
18|02,10
18|02,11
18|02,12
18|03,04
18|03,05
18|03,06
18|03,07
18|03,08
18|03,09
18|03,10
18|03,11
18|03,12
18|04,05
18|04,06
18|04,07
18|04,08
18|04,09
18|04,10
18|04,11
18|04,12
18|05,06
18|05,07
18|05,08
18|05,09
18|05,10
18|05,11
18|05,12
18|06,07
18|06,08
18|06,09
18|06,10
18|06,11
18|06,12
18|07,08
18|07,09
18|07,10
18|07,11
18|07,12
18|08,09
18|08,10
18|08,11
18|08,12
18|09,10
18|09,11
18|09,12
18|10,11
18|10,12
18|11,12
19|01,02
19|01,03
19|01,04
19|01,05
19|01,06
19|01,07
19|01,08
19|01,09
19|01,10
19|01,11
19|01,12
19|02,03
19|02,04
19|02,05
19|02,06
19|02,07
19|02,08
19|02,09
19|02,10
19|02,11
19|02,12
19|03,04
19|03,05
19|03,06
19|03,07
19|03,08
19|03,09
19|03,10
19|03,11
19|03,12
19|04,05
19|04,06
19|04,07
19|04,08
19|04,09
19|04,10
19|04,11
19|04,12
19|05,06
19|05,07
19|05,08
19|05,09
19|05,10
19|05,11
19|05,12
19|06,07
19|06,08
19|06,09
19|06,10
19|06,11
19|06,12
19|07,08
19|07,09
19|07,10
19|07,11
19|07,12
19|08,09
19|08,10
19|08,11
19|08,12
19|09,10
19|09,11
19|09,12
19|10,11
19|10,12
19|11,12
20|01,02
20|01,03
20|01,04
20|01,05
20|01,06
20|01,07
20|01,08
20|01,09
20|01,10
20|01,11
20|01,12
20|02,03
20|02,04
20|02,05
20|02,06
20|02,07
20|02,08
20|02,09
20|02,10
20|02,11
20|02,12
20|03,04
20|03,05
20|03,06
20|03,07
20|03,08
20|03,09
20|03,10
20|03,11
20|03,12
20|04,05
20|04,06
20|04,07
20|04,08
20|04,09
20|04,10
20|04,11
20|04,12
20|05,06
20|05,07
20|05,08
20|05,09
20|05,10
20|05,11
20|05,12
20|06,07
20|06,08
20|06,09
20|06,10
20|06,11
20|06,12
20|07,08
20|07,09
20|07,10
20|07,11
20|07,12
20|08,09
20|08,10
20|08,11
20|08,12
20|09,10
20|09,11
20|09,12
20|10,11
20|10,12
20|11,12
21|01,02
21|01,03
21|01,04
21|01,05
21|01,06
21|01,07
21|01,08
21|01,09
21|01,10
21|01,11
21|01,12
21|02,03
21|02,04
21|02,05
21|02,06
21|02,07
21|02,08
21|02,09
21|02,10
21|02,11
21|02,12
21|03,04
21|03,05
21|03,06
21|03,07
21|03,08
21|03,09
21|03,10
21|03,11
21|03,12
21|04,05
21|04,06
21|04,07
21|04,08
21|04,09
21|04,10
21|04,11
21|04,12
21|05,06
21|05,07
21|05,08
21|05,09
21|05,10
21|05,11
21|05,12
21|06,07
21|06,08
21|06,09
21|06,10
21|06,11
21|06,12
21|07,08
21|07,09
21|07,10
21|07,11
21|07,12
21|08,09
21|08,10
21|08,11
21|08,12
21|09,10
21|09,11
21|09,12
21|10,11
21|10,12
21|11,12
22|01,02
22|01,03
22|01,04
22|01,05
22|01,06
22|01,07
22|01,08
22|01,09
22|01,10
22|01,11
22|01,12
22|02,03
22|02,04
22|02,05
22|02,06
22|02,07
22|02,08
22|02,09
22|02,10
22|02,11
22|02,12
22|03,04
22|03,05
22|03,06
22|03,07
22|03,08
22|03,09
22|03,10
22|03,11
22|03,12
22|04,05
22|04,06
22|04,07
22|04,08
22|04,09
22|04,10
22|04,11
22|04,12
22|05,06
22|05,07
22|05,08
22|05,09
22|05,10
22|05,11
22|05,12
22|06,07
22|06,08
22|06,09
22|06,10
22|06,11
22|06,12
22|07,08
22|07,09
22|07,10
22|07,11
22|07,12
22|08,09
22|08,10
22|08,11
22|08,12
22|09,10
22|09,11
22|09,12
22|10,11
22|10,12
22|11,12
23|01,02
23|01,03
23|01,04
23|01,05
23|01,06
23|01,07
23|01,08
23|01,09
23|01,10
23|01,11
23|01,12
23|02,03
23|02,04
23|02,05
23|02,06
23|02,07
23|02,08
23|02,09
23|02,10
23|02,11
23|02,12
23|03,04
23|03,05
23|03,06
23|03,07
23|03,08
23|03,09
23|03,10
23|03,11
23|03,12
23|04,05
23|04,06
23|04,07
23|04,08
23|04,09
23|04,10
23|04,11
23|04,12
23|05,06
23|05,07
23|05,08
23|05,09
23|05,10
23|05,11
23|05,12
23|06,07
23|06,08
23|06,09
23|06,10
23|06,11
23|06,12
23|07,08
23|07,09
23|07,10
23|07,11
23|07,12
23|08,09
23|08,10
23|08,11
23|08,12
23|09,10
23|09,11
23|09,12
23|10,11
23|10,12
23|11,12
24|01,02
24|01,03
24|01,04
24|01,05
24|01,06
24|01,07
24|01,08
24|01,09
24|01,10
24|01,11
24|01,12
24|02,03
24|02,04
24|02,05
24|02,06
24|02,07
24|02,08
24|02,09
24|02,10
24|02,11
24|02,12
24|03,04
24|03,05
24|03,06
24|03,07
24|03,08
24|03,09
24|03,10
24|03,11
24|03,12
24|04,05
24|04,06
24|04,07
24|04,08
24|04,09
24|04,10
24|04,11
24|04,12
24|05,06
24|05,07
24|05,08
24|05,09
24|05,10
24|05,11
24|05,12
24|06,07
24|06,08
24|06,09
24|06,10
24|06,11
24|06,12
24|07,08
24|07,09
24|07,10
24|07,11
24|07,12
24|08,09
24|08,10
24|08,11
24|08,12
24|09,10
24|09,11
24|09,12
24|10,11
24|10,12
24|11,12
25|01,02
25|01,03
25|01,04
25|01,05
25|01,06
25|01,07
25|01,08
25|01,09
25|01,10
25|01,11
25|01,12
25|02,03
25|02,04
25|02,05
25|02,06
25|02,07
25|02,08
25|02,09
25|02,10
25|02,11
25|02,12
25|03,04
25|03,05
25|03,06
25|03,07
25|03,08
25|03,09
25|03,10
25|03,11
25|03,12
25|04,05
25|04,06
25|04,07
25|04,08
25|04,09
25|04,10
25|04,11
25|04,12
25|05,06
25|05,07
25|05,08
25|05,09
25|05,10
25|05,11
25|05,12
25|06,07
25|06,08
25|06,09
25|06,10
25|06,11
25|06,12
25|07,08
25|07,09
25|07,10
25|07,11
25|07,12
25|08,09
25|08,10
25|08,11
25|08,12
25|09,10
25|09,11
25|09,12
25|10,11
25|10,12
25|11,12
26|01,02
26|01,03
26|01,04
26|01,05
26|01,06
26|01,07
26|01,08
26|01,09
26|01,10
26|01,11
26|01,12
26|02,03
26|02,04
26|02,05
26|02,06
26|02,07
26|02,08
26|02,09
26|02,10
26|02,11
26|02,12
26|03,04
26|03,05
26|03,06
26|03,07
26|03,08
26|03,09
26|03,10
26|03,11
26|03,12
26|04,05
26|04,06
26|04,07
26|04,08
26|04,09
26|04,10
26|04,11
26|04,12
26|05,06
26|05,07
26|05,08
26|05,09
26|05,10
26|05,11
26|05,12
26|06,07
26|06,08
26|06,09
26|06,10
26|06,11
26|06,12
26|07,08
26|07,09
26|07,10
26|07,11
26|07,12
26|08,09
26|08,10
26|08,11
26|08,12
26|09,10
26|09,11
26|09,12
26|10,11
26|10,12
26|11,12
27|01,02
27|01,03
27|01,04
27|01,05
27|01,06
27|01,07
27|01,08
27|01,09
27|01,10
27|01,11
27|01,12
27|02,03
27|02,04
27|02,05
27|02,06
27|02,07
27|02,08
27|02,09
27|02,10
27|02,11
27|02,12
27|03,04
27|03,05
27|03,06
27|03,07
27|03,08
27|03,09
27|03,10
27|03,11
27|03,12
27|04,05
27|04,06
27|04,07
27|04,08
27|04,09
27|04,10
27|04,11
27|04,12
27|05,06
27|05,07
27|05,08
27|05,09
27|05,10
27|05,11
27|05,12
27|06,07
27|06,08
27|06,09
27|06,10
27|06,11
27|06,12
27|07,08
27|07,09
27|07,10
27|07,11
27|07,12
27|08,09
27|08,10
27|08,11
27|08,12
27|09,10
27|09,11
27|09,12
27|10,11
27|10,12
27|11,12
28|01,02
28|01,03
28|01,04
28|01,05
28|01,06
28|01,07
28|01,08
28|01,09
28|01,10
28|01,11
28|01,12
28|02,03
28|02,04
28|02,05
28|02,06
28|02,07
28|02,08
28|02,09
28|02,10
28|02,11
28|02,12
28|03,04
28|03,05
28|03,06
28|03,07
28|03,08
28|03,09
28|03,10
28|03,11
28|03,12
28|04,05
28|04,06
28|04,07
28|04,08
28|04,09
28|04,10
28|04,11
28|04,12
28|05,06
28|05,07
28|05,08
28|05,09
28|05,10
28|05,11
28|05,12
28|06,07
28|06,08
28|06,09
28|06,10
28|06,11
28|06,12
28|07,08
28|07,09
28|07,10
28|07,11
28|07,12
28|08,09
28|08,10
28|08,11
28|08,12
28|09,10
28|09,11
28|09,12
28|10,11
28|10,12
28|11,12
29|01,02
29|01,03
29|01,04
29|01,05
29|01,06
29|01,07
29|01,08
29|01,09
29|01,10
29|01,11
29|01,12
29|02,03
29|02,04
29|02,05
29|02,06
29|02,07
29|02,08
29|02,09
29|02,10
29|02,11
29|02,12
29|03,04
29|03,05
29|03,06
29|03,07
29|03,08
29|03,09
29|03,10
29|03,11
29|03,12
29|04,05
29|04,06
29|04,07
29|04,08
29|04,09
29|04,10
29|04,11
29|04,12
29|05,06
29|05,07
29|05,08
29|05,09
29|05,10
29|05,11
29|05,12
29|06,07
29|06,08
29|06,09
29|06,10
29|06,11
29|06,12
29|07,08
29|07,09
29|07,10
29|07,11
29|07,12
29|08,09
29|08,10
29|08,11
29|08,12
29|09,10
29|09,11
29|09,12
29|10,11
29|10,12
29|11,12
30|01,02
30|01,03
30|01,04
30|01,05
30|01,06
30|01,07
30|01,08
30|01,09
30|01,10
30|01,11
30|01,12
30|02,03
30|02,04
30|02,05
30|02,06
30|02,07
30|02,08
30|02,09
30|02,10
30|02,11
30|02,12
30|03,04
30|03,05
30|03,06
30|03,07
30|03,08
30|03,09
30|03,10
30|03,11
30|03,12
30|04,05
30|04,06
30|04,07
30|04,08
30|04,09
30|04,10
30|04,11
30|04,12
30|05,06
30|05,07
30|05,08
30|05,09
30|05,10
30|05,11
30|05,12
30|06,07
30|06,08
30|06,09
30|06,10
30|06,11
30|06,12
30|07,08
30|07,09
30|07,10
30|07,11
30|07,12
30|08,09
30|08,10
30|08,11
30|08,12
30|09,10
30|09,11
30|09,12
30|10,11
30|10,12
30|11,12
31|01,02
31|01,03
31|01,04
31|01,05
31|01,06
31|01,07
31|01,08
31|01,09
31|01,10
31|01,11
31|01,12
31|02,03
31|02,04
31|02,05
31|02,06
31|02,07
31|02,08
31|02,09
31|02,10
31|02,11
31|02,12
31|03,04
31|03,05
31|03,06
31|03,07
31|03,08
31|03,09
31|03,10
31|03,11
31|03,12
31|04,05
31|04,06
31|04,07
31|04,08
31|04,09
31|04,10
31|04,11
31|04,12
31|05,06
31|05,07
31|05,08
31|05,09
31|05,10
31|05,11
31|05,12
31|06,07
31|06,08
31|06,09
31|06,10
31|06,11
31|06,12
31|07,08
31|07,09
31|07,10
31|07,11
31|07,12
31|08,09
31|08,10
31|08,11
31|08,12
31|09,10
31|09,11
31|09,12
31|10,11
31|10,12
31|11,12
32|01,02
32|01,03
32|01,04
32|01,05
32|01,06
32|01,07
32|01,08
32|01,09
32|01,10
32|01,11
32|01,12
32|02,03
32|02,04
32|02,05
32|02,06
32|02,07
32|02,08
32|02,09
32|02,10
32|02,11
32|02,12
32|03,04
32|03,05
32|03,06
32|03,07
32|03,08
32|03,09
32|03,10
32|03,11
32|03,12
32|04,05
32|04,06
32|04,07
32|04,08
32|04,09
32|04,10
32|04,11
32|04,12
32|05,06
32|05,07
32|05,08
32|05,09
32|05,10
32|05,11
32|05,12
32|06,07
32|06,08
32|06,09
32|06,10
32|06,11
32|06,12
32|07,08
32|07,09
32|07,10
32|07,11
32|07,12
32|08,09
32|08,10
32|08,11
32|08,12
32|09,10
32|09,11
32|09,12
32|10,11
32|10,12
32|11,12
33|01,02
33|01,03
33|01,04
33|01,05
33|01,06
33|01,07
33|01,08
33|01,09
33|01,10
33|01,11
33|01,12
33|02,03
33|02,04
33|02,05
33|02,06
33|02,07
33|02,08
33|02,09
33|02,10
33|02,11
33|02,12
33|03,04
33|03,05
33|03,06
33|03,07
33|03,08
33|03,09
33|03,10
33|03,11
33|03,12
33|04,05
33|04,06
33|04,07
33|04,08
33|04,09
33|04,10
33|04,11
33|04,12
33|05,06
33|05,07
33|05,08
33|05,09
33|05,10
33|05,11
33|05,12
33|06,07
33|06,08
33|06,09
33|06,10
33|06,11
33|06,12
33|07,08
33|07,09
33|07,10
33|07,11
33|07,12
33|08,09
33|08,10
33|08,11
33|08,12
33|09,10
33|09,11
33|09,12
33|10,11
33|10,12
33|11,12
34|01,02
34|01,03
34|01,04
34|01,05
34|01,06
34|01,07
34|01,08
34|01,09
34|01,10
34|01,11
34|01,12
34|02,03
34|02,04
34|02,05
34|02,06
34|02,07
34|02,08
34|02,09
34|02,10
34|02,11
34|02,12
34|03,04
34|03,05
34|03,06
34|03,07
34|03,08
34|03,09
34|03,10
34|03,11
34|03,12
34|04,05
34|04,06
34|04,07
34|04,08
34|04,09
34|04,10
34|04,11
34|04,12
34|05,06
34|05,07
34|05,08
34|05,09
34|05,10
34|05,11
34|05,12
34|06,07
34|06,08
34|06,09
34|06,10
34|06,11
34|06,12
34|07,08
34|07,09
34|07,10
34|07,11
34|07,12
34|08,09
34|08,10
34|08,11
34|08,12
34|09,10
34|09,11
34|09,12
34|10,11
34|10,12
34|11,12
35|01,02
35|01,03
35|01,04
35|01,05
35|01,06
35|01,07
35|01,08
35|01,09
35|01,10
35|01,11
35|01,12
35|02,03
35|02,04
35|02,05
35|02,06
35|02,07
35|02,08
35|02,09
35|02,10
35|02,11
35|02,12
35|03,04
35|03,05
35|03,06
35|03,07
35|03,08
35|03,09
35|03,10
35|03,11
35|03,12
35|04,05
35|04,06
35|04,07
35|04,08
35|04,09
35|04,10
35|04,11
35|04,12
35|05,06
35|05,07
35|05,08
35|05,09
35|05,10
35|05,11
35|05,12
35|06,07
35|06,08
35|06,09
35|06,10
35|06,11
35|06,12
35|07,08
35|07,09
35|07,10
35|07,11
35|07,12
35|08,09
35|08,10
35|08,11
35|08,12
35|09,10
35|09,11
35|09,12
35|10,11
35|10,12
35|11,12