01,02|
01,03|
01,04|
01,05|
01,06|
01,07|
01,08|
01,09|
01,10|
01,11|
01,12|
01,13|
01,14|
01,15|
01,16|
01,17|
01,18|
01,19|
01,20|
01,21|
01,22|
01,23|
01,24|
01,25|
01,26|
01,27|
01,28|
01,29|
01,30|
01,31|
01,32|
01,33|
01,34|
01,35|
02,03|
02,04|
02,05|
02,06|
02,07|
02,08|
02,09|
02,10|
02,11|
02,12|
02,13|
02,14|
02,15|
02,16|
02,17|
02,18|
02,19|
02,20|
02,21|
02,22|
02,23|
02,24|
02,25|
02,26|
02,27|
02,28|
02,29|
02,30|
02,31|
02,32|
02,33|
02,34|
02,35|
03,04|
03,05|
03,06|
03,07|
03,08|
03,09|
03,10|
03,11|
03,12|
03,13|
03,14|
03,15|
03,16|
03,17|
03,18|
03,19|
03,20|
03,21|
03,22|
03,23|
03,24|
03,25|
03,26|
03,27|
03,28|
03,29|
03,30|
03,31|
03,32|
03,33|
03,34|
03,35|
04,05|
04,06|
04,07|
04,08|
04,09|
04,10|
04,11|
04,12|
04,13|
04,14|
04,15|
04,16|
04,17|
04,18|
04,19|
04,20|
04,21|
04,22|
04,23|
04,24|
04,25|
04,26|
04,27|
04,28|
04,29|
04,30|
04,31|
04,32|
04,33|
04,34|
04,35|
05,06|
05,07|
05,08|
05,09|
05,10|
05,11|
05,12|
05,13|
05,14|
05,15|
05,16|
05,17|
05,18|
05,19|
05,20|
05,21|
05,22|
05,23|
05,24|
05,25|
05,26|
05,27|
05,28|
05,29|
05,30|
05,31|
05,32|
05,33|
05,34|
05,35|
06,07|
06,08|
06,09|
06,10|
06,11|
06,12|
06,13|
06,14|
06,15|
06,16|
06,17|
06,18|
06,19|
06,20|
06,21|
06,22|
06,23|
06,24|
06,25|
06,26|
06,27|
06,28|
06,29|
06,30|
06,31|
06,32|
06,33|
06,34|
06,35|
07,08|
07,09|
07,10|
07,11|
07,12|
07,13|
07,14|
07,15|
07,16|
07,17|
07,18|
07,19|
07,20|
07,21|
07,22|
07,23|
07,24|
07,25|
07,26|
07,27|
07,28|
07,29|
07,30|
07,31|
07,32|
07,33|
07,34|
07,35|
08,09|
08,10|
08,11|
08,12|
08,13|
08,14|
08,15|
08,16|
08,17|
08,18|
08,19|
08,20|
08,21|
08,22|
08,23|
08,24|
08,25|
08,26|
08,27|
08,28|
08,29|
08,30|
08,31|
08,32|
08,33|
08,34|
08,35|
09,10|
09,11|
09,12|
09,13|
09,14|
09,15|
09,16|
09,17|
09,18|
09,19|
09,20|
09,21|
09,22|
09,23|
09,24|
09,25|
09,26|
09,27|
09,28|
09,29|
09,30|
09,31|
09,32|
09,33|
09,34|
09,35|
10,11|
10,12|
10,13|
10,14|
10,15|
10,16|
10,17|
10,18|
10,19|
10,20|
10,21|
10,22|
10,23|
10,24|
10,25|
10,26|
10,27|
10,28|
10,29|
10,30|
10,31|
10,32|
10,33|
10,34|
10,35|
11,12|
11,13|
11,14|
11,15|
11,16|
11,17|
11,18|
11,19|
11,20|
11,21|
11,22|
11,23|
11,24|
11,25|
11,26|
11,27|
11,28|
11,29|
11,30|
11,31|
11,32|
11,33|
11,34|
11,35|
12,13|
12,14|
12,15|
12,16|
12,17|
12,18|
12,19|
12,20|
12,21|
12,22|
12,23|
12,24|
12,25|
12,26|
12,27|
12,28|
12,29|
12,30|
12,31|
12,32|
12,33|
12,34|
12,35|
13,14|
13,15|
13,16|
13,17|
13,18|
13,19|
13,20|
13,21|
13,22|
13,23|
13,24|
13,25|
13,26|
13,27|
13,28|
13,29|
13,30|
13,31|
13,32|
13,33|
13,34|
13,35|
14,15|
14,16|
14,17|
14,18|
14,19|
14,20|
14,21|
14,22|
14,23|
14,24|
14,25|
14,26|
14,27|
14,28|
14,29|
14,30|
14,31|
14,32|
14,33|
14,34|
14,35|
15,16|
15,17|
15,18|
15,19|
15,20|
15,21|
15,22|
15,23|
15,24|
15,25|
15,26|
15,27|
15,28|
15,29|
15,30|
15,31|
15,32|
15,33|
15,34|
15,35|
16,17|
16,18|
16,19|
16,20|
16,21|
16,22|
16,23|
16,24|
16,25|
16,26|
16,27|
16,28|
16,29|
16,30|
16,31|
16,32|
16,33|
16,34|
16,35|
17,18|
17,19|
17,20|
17,21|
17,22|
17,23|
17,24|
17,25|
17,26|
17,27|
17,28|
17,29|
17,30|
17,31|
17,32|
17,33|
17,34|
17,35|
18,19|
18,20|
18,21|
18,22|
18,23|
18,24|
18,25|
18,26|
18,27|
18,28|
18,29|
18,30|
18,31|
18,32|
18,33|
18,34|
18,35|
19,20|
19,21|
19,22|
19,23|
19,24|
19,25|
19,26|
19,27|
19,28|
19,29|
19,30|
19,31|
19,32|
19,33|
19,34|
19,35|
20,21|
20,22|
20,23|
20,24|
20,25|
20,26|
20,27|
20,28|
20,29|
20,30|
20,31|
20,32|
20,33|
20,34|
20,35|
21,22|
21,23|
21,24|
21,25|
21,26|
21,27|
21,28|
21,29|
21,30|
21,31|
21,32|
21,33|
21,34|
21,35|
22,23|
22,24|
22,25|
22,26|
22,27|
22,28|
22,29|
22,30|
22,31|
22,32|
22,33|
22,34|
22,35|
23,24|
23,25|
23,26|
23,27|
23,28|
23,29|
23,30|
23,31|
23,32|
23,33|
23,34|
23,35|
24,25|
24,26|
24,27|
24,28|
24,29|
24,30|
24,31|
24,32|
24,33|
24,34|
24,35|
25,26|
25,27|
25,28|
25,29|
25,30|
25,31|
25,32|
25,33|
25,34|
25,35|
26,27|
26,28|
26,29|
26,30|
26,31|
26,32|
26,33|
26,34|
26,35|
27,28|
27,29|
27,30|
27,31|
27,32|
27,33|
27,34|
27,35|
28,29|
28,30|
28,31|
28,32|
28,33|
28,34|
28,35|
29,30|
29,31|
29,32|
29,33|
29,34|
29,35|
30,31|
30,32|
30,33|
30,34|
30,35|
31,32|
31,33|
31,34|
31,35|
32,33|
32,34|
32,35|
33,34|
33,35|
34,35|